	logFC	AveExpr	t	P.Value	adj.P.Val	B
F13A1	-2.4071614184600474	7.688666631177288	-15.762652423947417	2.9795538999548454e-44	3.5879788063256246e-40	89.78581406402664
IL1R1	-0.7207348569215064	5.15558433016006	-15.363193083356483	1.546948509729695e-42	9.314176977082494e-39	85.88233489385892
CSTA	-1.6799311759840183	6.982749591215405	-15.274787774460554	3.694241925581047e-42	1.4828687089282323e-38	85.02203828618565
DSE	-1.2563950462660403	7.479217550909386	-15.181687830745057	9.225748041828913e-42	2.7774114479925943e-38	84.1175404619094
CLEC7A	-1.060935021732468	6.571673880596838	-14.801463872567378	3.811135998622114e-40	7.648949949234583e-37	80.44014122876641
COL6A3	-2.501899843436176	7.422711979291833	-14.752127029158485	6.163909982816661e-40	1.0603686287582603e-36	79.96501709351487
IL4R	-0.8053789363658481	5.906584712136266	-14.507437179591543	6.640836506330264e-39	9.99611915115363e-36	77.61594679394074
MAP3K8	-1.065732293002715	5.112773635707297	-14.447719087349459	1.1839846882734774e-38	1.584171512909913e-35	77.04455124856146
S100A8	-1.7465530339630018	6.849136645720414	-14.368873516181546	2.537393752800871e-38	3.055529557122809e-35	76.291323240507
TLR2	-1.2031993287620422	6.712452822419588	-14.329059055734373	3.726724568550091e-38	3.697214296068589e-35	75.91148645367522
FCGR2A	-1.284660411272287	7.363194229171509	-14.323668546623683	3.925704296266211e-38	3.697214296068589e-35	75.86008710006703
CD14	-1.5888917423018842	9.547658288171716	-14.320169024634705	4.060520470399321e-38	3.697214296068589e-35	75.82672207049069
THBD	-1.060314777885388	5.621600707839604	-14.314268516676929	4.2983723754326735e-38	3.697214296068589e-35	75.77047182063302
IFI30	-1.2597486483577995	9.379982974214052	-14.297228977478579	5.066154186400198e-38	4.0671085808420784e-35	75.60807551195025
IL10RA	-1.245372246810022	6.42934053005095	-14.110585147305722	3.0521428833411665e-37	2.297119037574645e-34	73.83357157754767
AIF1	-1.0595186342221163	7.507647614699975	-14.06686705437798	4.642825544060443e-37	3.2887591295044625e-34	73.41908985690937
PTPRC	-1.226020286872111	6.892718755085641	-14.012614292864349	7.808824681152912e-37	5.224103711691298e-34	72.905359545578
COL3A1	-2.117857843648369	8.950277169370304	-13.843198863115937	3.942002798913888e-36	2.4983998791853178e-33	71.30570052583691
CSF2RB	-0.9910387633239157	5.441640073375633	-13.832931303941871	4.3474281568056526e-36	2.6175864932126836e-33	71.20897826425913
MAFB	-1.4334690893769348	9.43597673611121	-13.827192302020357	4.5918878594129036e-36	2.6331196953833422e-33	71.15492725495267
LUM	-2.0826536091601326	7.076066311991099	-13.76455345369466	8.338285558848783e-36	4.564074304529866e-33	70.56551845874631
FCGR2B	-1.629565126212965	6.478487800254639	-13.678853983024144	1.8829848638082718e-35	9.858653795643135e-33	69.76072562935842
SYK	-0.9532276517748288	6.3716970162669195	-13.637101661065152	2.798372042087002e-35	1.4040831721171534e-32	69.36931726704829
GMFG	-1.1045543901587171	7.63351176127482	-13.606087174778414	3.7548025550626935e-35	1.8086132947225984e-32	69.07886375073359
MS4A6A	-1.3436486306551334	8.509339503141689	-13.505889294989139	9.690285684318556e-35	4.3945420577984415e-32	68.14222752140196
LAIR1	-0.8730949892856108	5.915289306795831	-13.504124414855099	9.85323331344942e-35	4.3945420577984415e-32	68.1257535092686
LILRB2	-0.7248562882933811	4.864261314490402	-13.49864215618762	1.0377026201638995e-34	4.4628624828620276e-32	68.07458548317189
SLC7A7	-0.9516966049863882	7.12047486449713	-13.477759007409128	1.263939217482878e-34	5.248398640320281e-32	67.87974869846751
SLAMF8	-0.9401214970618046	5.429103136912771	-13.44786813641502	1.675855841041667e-34	6.726885345941251e-32	67.601075008816
STAB1	-1.1715644609809726	7.533728294519137	-13.396433892233865	2.7214426010932774e-34	1.0571487678182337e-31	67.12211750712929
CCR1	-1.050751787079129	6.61039206183922	-13.386246238386995	2.995494533620041e-34	1.112909041465536e-31	67.02733517845607
CTSS	-1.2221364887004542	7.105943863583584	-13.383454610718367	3.075279876446024e-34	1.112909041465536e-31	67.00136781652367
MS4A4A	-1.6357564038528905	8.088765794353883	-13.381166749055375	3.14224442865207e-34	1.112909041465536e-31	66.98008801205145
CD163	-1.9246725499728559	9.200245625348028	-13.339883144765695	4.633893605307272e-34	1.5575719768405976e-31	66.59634895331601
LTBP2	-1.1674048305060039	6.6573728420051355	-13.33936748980246	4.6564184658911735e-34	1.5575719768405976e-31	66.59155880994317
HCK	-1.2164101673385783	6.423791477051528	-13.325487380638188	5.305504103474253e-34	1.7267264976766746e-31	66.46264806336055
CCR5	-0.7211683413253187	6.026364742025202	-13.29329526283769	7.179313199666523e-34	2.2750865671153754e-31	66.16387127978693
ITGB2	-1.2678326247070624	8.579457125779255	-13.284192717530065	7.819916269784823e-34	2.414549531301252e-31	66.0794424017573
GIMAP4	-1.130808483070612	7.542928242846892	-13.264151331052735	9.438290158277565e-34	2.841397252149461e-31	65.89363410826213
MNDA	-1.3323592548400933	6.531575351399478	-13.245341816328896	1.1259493300425614e-33	3.2600695059619335e-31	65.71934928855822
GNA15	-0.7266016969702047	5.546707116448318	-13.244296113602045	1.1370446707390899e-33	3.2600695059619335e-31	65.70966295783134
NCF4	-0.807841897906453	5.082705197783248	-13.236868160548116	1.2190581379404913e-33	3.413929790018464e-31	65.6408667950115
FPR1	-0.6768057050845595	6.0695388144244005	-13.212298297856531	1.534707638269098e-33	4.200215768190109e-31	65.41341684864503
C3AR1	-1.152613561238451	7.651243014229053	-13.099955630587898	4.388523084021993e-33	1.1743687772842853e-30	64.37562358373198
CENTA2	-0.8523876960297363	7.335603124254879	-13.081697556917787	5.2038740851937526e-33	1.362283733345721e-30	64.20730372136252
LYZ	-1.7668156345550248	8.105259310238141	-12.901723441823743	2.776972558107082e-32	7.114958201005422e-30	62.55338384033879
MYO1F	-0.8127705926309217	6.325072265770441	-12.872214391192388	3.6510090828290054e-32	9.159469036547267e-30	62.28312571058385
C1orf38	-0.9812811385868647	5.95424097370364	-12.85433913907792	4.3086979931123064e-32	1.0588845149603754e-29	62.11954389496193
GLIPR1	-1.2436223963445894	7.5043668075530245	-12.801002958402405	7.058775392989818e-32	1.7000354656476678e-29	61.63202785417439
DAB2	-1.0867986846225852	7.40874438962732	-12.796794862736554	7.338843395804461e-32	1.7328304347505358e-29	61.593601138382276
NCKAP1L	-0.8233460245681199	5.631899466232449	-12.772469038870117	9.188940165268484e-32	2.1279464898108284e-29	61.37157401002083
VAMP8	-1.3074539934703964	8.908634877335723	-12.769008251247238	9.487455176041101e-32	2.1556214194318292e-29	61.34000149231294
DOCK2	-0.956311343653188	5.802695202731795	-12.737765715275069	1.2659564113750054e-31	2.77175401923233e-29	61.05514613558777
MFSD1	-0.6159615321665672	9.825244464518368	-12.717386832308444	1.5277715526388435e-31	3.2852544708708844e-29	60.86950431019182
PYCARD	-1.063420173016051	7.003453963521775	-12.69882788799757	1.8128354549855247e-31	3.8253028135203846e-29	60.70055416600456
PTGER4	-0.6087230913900363	5.007578529636527	-12.697069601943177	1.8424477925941066e-31	3.8253028135203846e-29	60.684553319471085
PLAUR	-1.0105183995979727	6.390734542350361	-12.682077393145214	2.115330214467378e-31	4.317424820782401e-29	60.54815986779722
FCER1G	-1.373174250789928	9.1058855527884	-12.676425292577644	2.228352901312094e-31	4.472304272933372e-29	60.496757538745875
NPC2	-0.8898741528880603	10.816007801006217	-12.667029059624115	2.4297127666779087e-31	4.7964919895631763e-29	60.41132693596948
C5AR1	-1.155988642560703	6.426004852761858	-12.662065486314834	2.5432964610807283e-31	4.939738061989376e-29	60.36620934216068
COL1A2	-1.7387448851106164	9.658867670356557	-12.64848687958842	2.8817792682732738e-31	5.508315229928057e-29	60.242823113303636
CD33	-0.6158908887330954	5.2348830043035575	-12.632067619377418	3.3515268420841596e-31	6.306107223808976e-29	60.09370240424217
LCP2	-0.9547282181846928	6.423409136749693	-12.605886878604293	4.2632168986744155e-31	7.89810121443651e-29	59.85610459061315
CD53	-1.277536203160441	9.09848202248302	-12.577889272068749	5.512886357111829e-31	1.0058511744294038e-28	59.602260335668824
EMR2	-0.8316341991858529	4.989528108035413	-12.56914447736173	5.973474267234555e-31	1.0736205541199777e-28	59.523025913198545
FLJ22662	-1.094934954971147	6.525640125365022	-12.49926446476846	1.1332222122641886e-30	2.0068032176596117e-28	58.89074684790558
TNFAIP3	-0.9509641383790104	6.7971849521929535	-12.476464878869933	1.3960399781958987e-30	2.436393248903625e-28	58.684797741437215
S100A9	-1.495233443399223	7.116206708610982	-12.459994714412376	1.622886393310831e-30	2.786392971432328e-28	58.536128150859504
ARPC1B	-0.8705427030314317	8.42807028678252	-12.458655832638167	1.642865811091972e-30	2.786392971432328e-28	58.524046507894646
GPR65	-1.0589905932834167	5.9551635422763916	-12.404681851729709	2.6891212264275333e-30	4.420352109969613e-28	58.037493917432805
CTSC	-1.1392960367699132	9.113383685147655	-12.403576202234875	2.7163764834558325e-30	4.420352109969613e-28	58.027537014703476
ARHGDIB	-0.9215105922535312	9.492720951997448	-12.389781437721165	3.08047420361859e-30	4.946009381330008e-28	57.9033426569278
HMHA1	-0.6822383863196455	5.997908647526942	-12.369020460637813	3.722031216894931e-30	5.897460514980099e-28	57.71655070872689
SLA	-1.1350635429498217	7.383801671344373	-12.331352822548606	5.244358954947165e-30	8.139867063107e-28	57.378012617210395
PLCG2	-0.8623028401655093	6.147194247222943	-12.33058493280594	5.2811194330100914e-30	8.139867063107e-28	57.3711161505174
SERPINA1	-1.500257974617747	7.825098091642618	-12.329364854791542	5.3400556218689005e-30	8.139867063107e-28	57.360158959625004
C1QA	-1.38549863054247	9.327042433427518	-12.257811430951763	1.0228934370266696e-29	1.525337410258936e-27	56.718435721305916
COL1A1	-1.301151991269328	6.329262414395769	-12.257475901743414	1.0260117109365041e-29	1.525337410258936e-27	56.71543063323013
FYB	-0.849062213248124	5.985850317001548	-12.24321573521059	1.1676683982277541e-29	1.7147637623730017e-27	56.58774828529533
CD86	-0.8716735185788078	5.9140316052382556	-12.210466330884449	1.571077192092482e-29	2.2793869333949e-27	56.294780500447374
NCF2	-0.9963133288699995	5.79277570915233	-12.169795886211592	2.2699976024157514e-29	3.254203705748867e-27	55.93146606176718
TLR5	-0.8430830855280931	5.494585367823104	-12.127083947961362	3.3389495176498244e-29	4.7303094225340215e-27	55.55053076125757
PSCDBP	-0.9855370707921649	5.414630414821106	-12.097331530374692	4.367009882622318e-29	6.114829419364878e-27	55.28555312210669
CXorf9	-1.0155237784362825	5.902293349792271	-12.084213420258287	4.9151902087315844e-29	6.803301206154683e-27	55.16882052672741
TGFBI	-1.3208054615385354	10.006457258358447	-12.05854231312432	6.193907078004391e-29	8.45831421901805e-27	54.94055905856284
CLEC2B	-1.2819846098827385	7.154291147649264	-12.05751658795633	6.251369917726344e-29	8.45831421901805e-27	54.93144337512017
C1S	-1.4809424484344866	9.277401771945398	-12.050961391549558	6.631347158857448e-29	8.872742498551266e-27	54.873195708690105
AQP9	-1.0846332049665977	5.742496429726911	-12.04521508249393	6.983300205016129e-29	9.143554840374104e-27	54.82214808005285
TNFRSF1B	-0.9154719490384142	6.383082975450434	-12.021263450402914	8.662020277119887e-29	1.1215919158825557e-26	54.60949847102158
HCLS1	-1.204275067007397	8.242375726110494	-12.003908995203322	1.012402509406996e-28	1.2969522359871328e-26	54.45554779609878
RNASE2	-1.2752143613331315	6.611553949186193	-11.968859093407874	1.3867899730315044e-28	1.7578657742363554e-26	54.14494908293469
HLA-DMA	-1.23939971898087	8.719494739931818	-11.94054656791399	1.7875605448420322e-28	2.242271258436224e-26	53.894375841624196
TFEC	-0.8818330989135941	5.297762788248968	-11.897971752271518	2.617060897737022e-28	3.248932714489611e-26	53.5181217411013
CYBB	-0.9219436956747371	6.799985903149862	-11.867117874756	3.4483585002552793e-28	4.2017499436223787e-26	53.24586209897778
BCL2A1	-1.2466594185105153	5.784542717917935	-11.866923467445568	3.4543534663562156e-28	4.2017499436223787e-26	53.244147716618365
EBI2	-1.1843029200234696	5.933395607195401	-11.86002212974447	3.6740274162080185e-28	4.424263814597696e-26	53.183297156367054
CYP1B1	-1.3290716723019163	5.9337533091950565	-11.822455884419934	5.137583728780848e-28	6.125424085344453e-26	52.85237331981007
CCL2	-1.8509445496797428	8.7345718336414	-11.81643136989909	5.421140852182665e-28	6.400135111959182e-26	52.79935112854209
HLA-DMB	-1.1008391680159288	8.404821775553772	-11.790586041718134	6.8252589817158755e-28	7.979589190079861e-26	52.572036307929956
TYROBP	-1.289834188977789	9.536355265009842	-11.779389019532516	7.540872305311902e-28	8.731460028900568e-26	52.47363288851174
SRGN	-1.1681239043188505	10.060056787097755	-11.7724538363713	8.021066161334927e-28	9.199017020456685e-26	52.41270731909568
FOLR2	-1.0743017434627191	6.515755242142854	-11.71773991817518	1.3046026564011002e-27	1.4820778479605706e-25	51.93267301349221
OLFML2B	-1.0998527741573563	6.37033425397999	-11.701941516457282	1.5010144089857542e-27	1.6892724778510703e-25	51.79427333931561
TBXAS1	-0.7949763337777176	5.785656125822082	-11.678694306574805	1.844738640345527e-27	2.0568835839852627e-25	51.59078990922706
FGL2	-0.9231367249205622	6.468591740896018	-11.665560632848457	2.0724683367310318e-27	2.2896021753133105e-25	51.47592053002349
TNFAIP8	-0.936017807249443	5.96956731359553	-11.63897045329401	2.6227113880236056e-27	2.845287435547771e-25	51.243557909199026
IER3	-1.3388064493387821	7.533623128998578	-11.621562699037181	3.0593977919618708e-27	3.260289222195119e-25	51.09158267003408
CFD	-1.065461149461016	5.930484212679578	-11.607419742746405	3.466893554427203e-27	3.6621344019659986e-25	50.96819506489744
CEBPB	-0.8116900040466284	9.419262245171696	-11.59021075906134	4.036205371986548e-27	4.226433486040175e-25	50.818161417773986
GIMAP6	-0.902560503903894	6.793675607272636	-11.572662672617895	4.712559510274425e-27	4.858566250981759e-25	50.6652880572363
LHFPL2	-0.7846308908250226	7.943117918578498	-11.572469986997897	4.7205800644815306e-27	4.858566250981759e-25	50.66361009659368
LAPTM5	-1.1335476901904027	9.71097714967356	-11.548070749146948	5.85413063024084e-27	5.974189919437304e-25	50.45124996402827
LY96	-1.2896234542044303	7.528539760199026	-11.540940858580242	6.23385183428578e-27	6.308238973820955e-25	50.38923783707935
LILRB1	-0.8844461948826243	5.5579280851483395	-11.526160886790601	7.100828249239353e-27	7.109494911396711e-25	50.26075173173495
AOAH	-0.6489896464280474	5.348887153820301	-11.525476839077754	7.143737620652733e-27	7.109494911396711e-25	50.25480717280072
FCGR1A	-1.0613638429377108	6.776726692930333	-11.520583221939258	7.458325525565285e-27	7.361734096627635e-25	50.21228560201029
CD4	-0.8242632451724194	6.584817342781764	-11.463684862955292	1.2301472967573462e-26	1.2043442071180458e-24	49.71856750893825
TREM1	-1.4326640646177058	6.440576594726586	-11.46203772956075	1.2480731053186027e-26	1.212040026955372e-24	49.70429380090387
PLEK	-0.7771539513521795	6.376626665561849	-11.451307541661267	1.3713824636772014e-26	1.3211350102080687e-24	49.61133424748325
TDO2	-1.595255979453337	5.729196318199779	-11.45023697840031	1.3843312359403787e-26	1.3230251383487334e-24	49.602062037974925
IL7R	-0.9116311440280258	5.455341941566698	-11.40296123703444	2.095468140133494e-26	1.9560951429060105e-24	49.19305296020265
TLR1	-0.8278256009728775	5.899023207605512	-11.387099726712718	2.4076960310777418e-26	2.2132424126899366e-24	49.056023446904454
TGFBR2	-0.6444824528439295	6.0927901620024505	-11.278568826314274	6.211293926089654e-26	5.666394049846334e-24	48.12109751362847
SAT1	-0.6253511973745454	10.338671327635716	-11.223317421390433	1.0044489238993249e-25	8.922900262062184e-24	47.646959119575094
SLCO2B1	-0.6756984281056626	6.21471705758899	-11.223202177103683	1.0054551568841528e-25	8.922900262062184e-24	47.64597144725218
CTSB	-0.7553445492054198	10.358469723583644	-11.22294149442489	1.007734957349657e-25	8.922900262062184e-24	47.64373735150534
VSIG4	-1.5051244917353657	9.564064310722284	-11.201945632108973	1.2092876033551695e-25	1.0629373225987556e-23	47.46389001074139
C2	-0.940897480049216	6.2033637308060845	-11.118367372718932	2.4943869646094383e-25	2.176623755639627e-23	46.74976047526613
RNASE6	-1.123234692385541	8.137236318960703	-11.100969686919564	2.8990831287037174e-25	2.5115653982626018e-23	46.60146892394605
CYBA	-0.9293793142557547	8.380181362620531	-11.092782370577718	3.1115052126423525e-25	2.6763389836170867e-23	46.53172662635952
NNMT	-1.964533180280097	8.845366314465098	-11.069223320990792	3.8130404044653924e-25	3.256498762451933e-23	46.331198172485614
COL5A1	-1.3083224799220607	6.130149286267316	-11.06041562670712	4.113937218098976e-25	3.464337900723627e-23	46.256288750684504
THBS1	-0.9643693191005749	5.426443646940477	-11.050193786245059	4.492857413897258e-25	3.7571520123715814e-23	46.16939261557784
TCIRG1	-0.7296515274672535	6.402462516649954	-10.95043284743957	1.0592064826560744e-24	8.736277030235923e-23	45.32362664432619
SAMSN1	-1.1387424700835327	7.685358479432132	-10.9476169914643	1.0850940091202557e-24	8.888912964507565e-23	45.29981504884902
CD93	-1.036436002934197	7.390609960194133	-10.94530253549979	1.1068422147373798e-24	9.005806722883465e-23	45.2802459421732
DCN	-1.3245791367695023	8.568840181173409	-10.93967797239798	1.161517710436986e-24	9.387245818175962e-23	45.23269882592385
HLA-DPB1	-1.2605741015483485	9.657959714014314	-10.924977551202767	1.3174307479358322e-24	1.0576334044428861e-22	45.10849273729679
SQRDL	-0.977590227563315	8.18849593673367	-10.922556484910483	1.345033369447463e-24	1.0726418433699568e-22	45.08804561332084
C1QB	-1.3293457822615604	10.207365426530261	-10.833784901121774	2.871945749325545e-24	2.275261231143303e-22	44.34005936301017
CREG1	-0.8155524143550021	9.153507030200041	-10.744412736854947	6.1427964054782e-24	4.803347682777175e-22	43.59045603831962
ASPN	-1.3549911483063424	5.8088869519344914	-10.727996125503259	7.060814954895288e-24	5.485569915280584e-22	43.45314216122078
RABGAP1L	-0.7034524029573115	5.586060535429915	-10.658823057075885	1.2681441732230065e-23	9.66518489490598e-22	42.87586119146895
FUCA1	-0.7991650566905406	8.410622512121297	-10.612543780164799	1.8741467346021974e-23	1.4194009420175887e-21	42.49082514758037
S100A4	-1.27108742407193	8.007119685061118	-10.598422364619674	2.1109752729729582e-23	1.5887727648212727e-21	42.37352780746344
BIN2	-0.5879626069835604	5.594090208399134	-10.5800378426452	2.4643736762508542e-23	1.8432290564852663e-21	42.22095366816697
TLR7	-0.9417574370671096	5.545324170196996	-10.52015826930467	4.075710834126453e-23	3.011025145064463e-21	41.72506583952978
LYN	-0.8362611106865128	7.536910057482065	-10.508394495228442	4.498281101657382e-23	3.302945184521841e-21	41.62783586583995
DPYD	-1.290720293201491	8.355419295731437	-10.48604677141157	5.424523756771396e-23	3.911503896948572e-21	41.443300770018546
HLA-DQB1	-1.2954769682316458	7.589400839129055	-10.471578138389729	6.122874371657517e-23	4.388788879970227e-21	41.32394826811177
SCPEP1	-0.6602146457979226	7.734006733028968	-10.435977300565522	8.244980760113623e-23	5.874914693093979e-21	41.03068295033496
FILIP1L	-0.9679487163440772	7.549655987756457	-10.428122947470031	8.803755899076038e-23	6.236166384510214e-21	40.966060279754906
FN1	-0.7731505746918845	9.32721841621141	-10.424161962409146	9.099659050272814e-23	6.408075689086855e-21	40.93348154472937
HLA-DRA	-1.4079568181429352	10.495394000595327	-10.413947312165503	9.90912191737021e-23	6.897436192426131e-21	40.84950033320304
COL15A1	-1.1006578403246516	5.1441463859226095	-10.410506108305459	1.0197619352634291e-22	7.057455876116215e-21	40.82121881178603
MGAT4A	-0.6826246799800879	6.00858347118144	-10.389753444990689	1.2123069893137633e-22	8.29465952574792e-21	40.65077902787969
CSF1R	-1.0230468394063674	8.100346579257954	-10.377505701377105	1.3424646698493284e-22	9.133310482669838e-21	40.55028286671571
SYNGR2	-0.819686025284347	7.770474662633612	-10.337132315506109	1.877971572647478e-22	1.2633817697106665e-20	40.219501042246854
ACSL1	-0.9008097985584111	7.443486764253591	-10.3304678407279	1.9848272314040065e-22	1.3278494178092804e-20	40.16497153127993
CH25H	-1.3419850697340712	6.354064145442948	-10.312184543375052	2.3099941652847704e-22	1.5284038317779784e-20	40.01548197555054
STOM	-0.6647762712998935	7.767466936600628	-10.29743938826773	2.610354837774639e-22	1.7176990686602296e-20	39.89503525166333
EVI2B	-1.0311237699595477	7.221511815397961	-10.269507938098236	3.289607618827987e-22	2.1412678349149522e-20	39.667155196045464
CLEC4A	-0.604763087241686	5.286093665128244	-10.254331921889971	3.72951659479562e-22	2.4145612276628415e-20	39.54349491477045
LY86	-1.1095582425619241	7.988773688957358	-10.218082704116933	5.031081795205553e-22	3.239801442666592e-20	39.24856213126142
SERPINB1	-1.0032227817682173	6.799708197950406	-10.201590427604597	5.76398428507633e-22	3.692015891536658e-20	39.114582991783564
RNASET2	-0.7674081549751293	9.425058681092276	-10.165073297392693	7.785711386362172e-22	4.96061039759647e-20	38.81838777799095
LPXN	-0.7242351955381965	7.056951210355401	-10.156894828045255	8.327311734346985e-22	5.277762521316126e-20	38.752138426291445
PTPN6	-0.6622355668660918	6.553201230046517	-10.083421663834086	1.5214911500355774e-21	9.542602306629386e-20	38.158412738874574
HAMP	-1.4074187536004992	7.035026021879746	-10.082299694120826	1.5355290282781274e-21	9.580746403380938e-20	38.14936644681548
CXCL12	-0.8826693532809733	5.581653318965168	-10.079468254664228	1.5715298325698971e-21	9.754825898869434e-20	38.1265396371435
VNN2	-0.8126465298913761	5.080902539798873	-10.066951724971087	1.7409798450690153e-21	1.0751220150933888e-19	38.025679026405264
NPL	-0.9216214439456758	6.756446801436395	-10.059701326515434	1.8473084510198236e-21	1.1349636922030978e-19	37.9672886631572
ACTA2	-1.062878084751011	9.416321234703412	-10.047980275093515	2.032997692855251e-21	1.2302190058976348e-19	37.87294833208588
HLA-DRB1	-1.167467653091549	10.580503979104186	-10.019301476787495	2.5691857851133938e-21	1.5469067612167744e-19	37.64240054380981
SERPINF1	-1.1723898176429106	8.053326341606557	-10.00418128262211	2.9061841593470885e-21	1.7385627781827521e-19	37.52101145682379
CCL20	-1.2164596838189796	5.083093269721641	-9.994961809840818	3.1328369468086816e-21	1.8584050499246375e-19	37.44704987914565
CTSH	-0.9709907786117284	8.814107262483606	-9.962170544851613	4.090670953316017e-21	2.414699000972131e-19	37.18432568986455
FCGR3B	-0.7253957650105844	5.842918242422392	-9.924214414423787	5.5669291631200364e-21	3.270095657672755e-19	36.88088164626675
MXRA5	-1.4569782116355405	7.058314440395065	-9.88246872704288	7.806277976876486e-21	4.519384586420512e-19	36.547965145387565
DENND2D	-0.8406671594244859	5.37639290821246	-9.878571990744822	8.056208079097132e-21	4.641763525764961e-19	36.51693336836027
BNC2	-0.7574026731571726	5.124704032584976	-9.872232596893413	8.479882644121092e-21	4.862606990500294e-19	36.466465578038935
S100A11	-0.9199497561552956	9.034241642170295	-9.867762297273329	8.791864572022259e-21	5.0176129467436985e-19	36.43088965534047
IL13RA1	-0.7465596206788785	7.00764571888414	-9.86222589982511	9.19408050884746e-21	5.222411202242506e-19	36.38684324126738
PRF1	-0.707518931826038	5.249632188669757	-9.78856027767827	1.6648496388086776e-20	9.368280070343034e-19	35.80223616031943
ANPEP	-0.7903038219367655	4.563910221292102	-9.761515553295322	2.0689544646128796e-20	1.1534421140216803e-18	35.588295904068204
RARRES1	-1.1602142915043592	5.2951026168204915	-9.753586290073395	2.2049105453306414e-20	1.2235729394871697e-18	35.52564074242087
ASCL1	1.0189376657873828	6.302810063193456	9.743679190790541	2.3872955595548192e-20	1.3187070242274832e-18	35.44740197665114
ALOX5AP	-1.3727044325615498	9.5035122554831	-9.733733812581761	2.585432845247589e-20	1.4216338960032633e-18	35.36891102068633
SH3TC1	-0.5970462019732619	5.305555984245679	-9.73108533584223	2.6408935321267515e-20	1.4455290869941064e-18	35.34801717507715
EMR1	-0.5938153214474093	4.433142869005822	-9.698937372094361	3.4159768474598635e-20	1.8363925534424855e-18	35.0946865105984
AIM1	-1.1125981852126605	6.020754384461448	-9.679733839187318	3.9826210489657615e-20	2.1314987854064756e-18	34.94361152342394
UBD	-1.3761219367036635	6.065038368200387	-9.661073449207146	4.62232230184771e-20	2.4629205822500055e-18	34.79699036015606
LCP1	-0.7500812565030053	6.641096194795921	-9.653447018595179	4.9122133500594274e-20	2.6058534432341683e-18	34.73711828022166
FLJ20273	-0.9062357884195142	6.960904113478082	-9.650287531341606	5.037528677776979e-20	2.6606105411311573e-18	34.71232315448365
TMEM176B	-1.256086108510745	8.336293074918839	-9.642652341625537	5.35360962103547e-20	2.815203801594285e-18	34.65242465855311
IRF8	-0.7190851920472578	6.595031173893073	-9.634501115875524	5.712785491566546e-20	2.9910157778019282e-18	34.58851094503769
CCL5	-0.8026524960957699	5.19831260451529	-9.633591880085735	5.754303139450578e-20	2.9997107534746257e-18	34.58138375413445
RNASE1	-1.1749132586463453	8.491968239816108	-9.615769512447438	6.631303928001518e-20	3.4272172489697116e-18	34.44176634221893
LYVE1	-0.8337635808448409	4.919736082144421	-9.603221861400566	7.327062841849341e-20	3.770619262459392e-18	34.34356856772427
CD248	-0.6156769687513739	6.541439795167054	-9.586261071432476	8.383884713218872e-20	4.296116583684326e-18	34.21096313153323
IL32	-0.8427912404094924	5.939117729204042	-9.54530154288189	1.1600937249762778e-19	5.869684300909386e-18	33.89134297318515
CTSL1	-0.6374039984640554	8.765681290139549	-9.53745738007296	1.2344184280198645e-19	6.219609502182096e-18	33.83023216719837
COPZ2	-0.9193688440274315	7.19521110003903	-9.50146435929013	1.6407201746153436e-19	8.232313476132486e-18	33.55023701372587
FSD1	0.7388605130194126	6.017549562385409	9.472923199749909	2.0550178497031517e-19	1.0146489121903546e-17	33.328693999930245
TES	-0.7642695898263199	6.1194416575362	-9.472867279942315	2.0559237217608914e-19	1.0146489121903546e-17	33.32826035813095
COLEC12	-1.2110883523613074	6.98398406214253	-9.468975642290058	2.119948621005746e-19	1.0419763793531099e-17	33.29808588905286
TRIM38	-0.6608718469805837	5.914316091422998	-9.46116666317602	2.254445045336977e-19	1.1035783429247105e-17	33.23756172842565
FAP	-0.9193892830525847	4.87809888065279	-9.441976034976044	2.621993898069371e-19	1.2731471984093292e-17	33.088959843410414
FBN1	-0.7441430737276091	6.235901840649616	-9.438447449791438	2.6957711076683127e-19	1.2984990271416728e-17	33.06165756317657
FER1L3	-0.879201669092482	7.3201592861762315	-9.414359168503683	3.2574465295932883e-19	1.5443374452504873e-17	32.87545163708031
P2RY5	-0.693504663864827	7.437327005709759	-9.383057217100252	4.163789781287033e-19	1.9509866360411845e-17	32.633943273902744
LRRC32	-0.6764575565338493	6.157203355724841	-9.375706461612722	4.41054593093392e-19	2.0585966705545064e-17	32.57730459112685
SDC2	-0.9354362969285388	7.463757792813615	-9.372161854905963	4.534661707040738e-19	2.1083550685785548e-17	32.550003160698814
TAGLN	-1.3111699155683842	8.540408651073559	-9.367041584073249	4.72008708757022e-19	2.1861264887892533e-17	32.51057742007646
OLIG2	0.6960507927191895	6.507206410220908	9.353624133551419	5.24240890357204e-19	2.418739004475652e-17	32.407330405290764
BIRC3	-0.9535232157609039	5.358547157879355	-9.352160028187566	5.302762270401069e-19	2.4372466893194533e-17	32.39606996974495
HLA-DPA1	-1.0828943326720069	10.609881764398661	-9.336443781823327	5.995626316133631e-19	2.745221752809171e-17	32.27526860380274
RGS10	-0.6543593925212816	6.950877500949854	-9.290635415396348	8.569567472487561e-19	3.879501184349444e-17	31.923923878860798
COL8A2	-0.6756324023438083	5.231260678297702	-9.285945283315453	8.888206109924794e-19	4.0086808230604634e-17	31.888014901971047
LST1	-0.7724260611555236	6.402195401671056	-9.27184174763254	9.918845217744647e-19	4.456818437017949e-17	31.78010582457646
CASP1	-0.8547653465465856	7.09263317748098	-9.2713433413592	9.957356865268688e-19	4.457490385560057e-17	31.776294381770136
TNFSF10	-1.0208112317421376	6.73861183695539	-9.268514175265715	1.0178790424912691e-18	4.5397405295110604e-17	31.754661556913717
TNFAIP2	-0.6051026339446013	5.423661102647082	-9.254801752479068	1.1323144509742453e-18	5.01298919802642e-17	31.64987282208086
BCL7A	0.6411170748861803	5.711106220420242	9.242026652634383	1.2503619381450915e-18	5.4959158233821995e-17	31.552338711308245
C11orf75	-0.7779355557406671	6.619391426654665	-9.241690770108537	1.253624853924641e-18	5.4959158233821995e-17	31.549775542463998
CASP4	-0.8069095889191553	6.6798287862908925	-9.241540446118737	1.2550879018685475e-18	5.4959158233821995e-17	31.54862841788227
PAFAH1B3	0.6732401094805356	7.8538707582244545	9.204753442545087	1.6690819656616863e-18	7.229886701617995e-17	31.268275774947618
MGP	-1.3088418484046258	9.488737691284298	-9.173160334492811	2.13083144100111e-18	9.164097218762632e-17	31.02809490045447
SCIN	-0.8024423861404877	7.795835242214157	-9.152387542579428	2.501292834535377e-18	1.0643310358118377e-16	30.870471366452897
FCGRT	-0.649668012633474	7.885143565702759	-9.146773309960366	2.6119327043021835e-18	1.1074962544086934e-16	30.827911345540194
CD52	-0.9173344049863648	5.577157298914637	-9.132873370568097	2.907163704105114e-18	1.2237589988804365e-16	30.72261414700686
SERPING1	-1.1774625774668435	8.552332285444045	-9.109988704538619	3.466885143717093e-18	1.4495913507167095e-16	30.54948620958875
PLAU	-0.9874437035868899	6.0116047237652115	-9.097362664626328	3.820118349671773e-18	1.580820108822938e-16	30.454090993165586
IFITM2	-0.7885544396618211	9.373291913507458	-9.068543035193212	4.765582986245489e-18	1.9586058129818492e-16	30.23667682962872
HP	-1.2652570018649705	5.472098612603805	-9.062556581667224	4.989312214536569e-18	2.0435815539948766e-16	30.1915730554647
ICAM1	-0.7165682081472342	5.628353632063559	-9.059441890766653	5.109799958498053e-18	2.0858376644146965e-16	30.16811389637342
FAS	-0.8548399950672474	6.294418209534458	-9.044492596170528	5.729425923705892e-18	2.3308698301779174e-16	30.055594240549482
SELL	-0.9706776512736219	5.916970659802261	-9.034287330580558	6.19460406491341e-18	2.5032020855599756e-16	29.978853205167624
CD2	-0.6743195336811594	4.911262584523116	-9.032503305197965	6.279681661127266e-18	2.5290945338894497e-16	29.96544374503116
RAC2	-0.5976067837782084	5.90474865088577	-9.031548993009023	6.325665561237342e-18	2.539122156280669e-16	29.958271475527212
ADFP	-1.0639947318614595	8.642660960392032	-9.023974280837894	6.7026846971592145e-18	2.6815192399731315e-16	29.901360673179042
ARHGAP15	-0.6779185441663529	6.044520061892108	-8.99261405935438	8.51522005768532e-18	3.373035524166007e-16	29.66608439964228
GZMA	-0.7232896278865768	4.680892650077898	-8.977361745410652	9.564585285621508e-18	3.763945621223993e-16	29.551854945726753
COL5A2	-1.1107607591487598	8.302239150409312	-8.950436490494367	1.173885648471117e-17	4.589587980158829e-16	29.350522274597324
HMOX1	-1.041236197791794	8.445830319732423	-8.91333589214605	1.5556699873444308e-17	6.062581873010238e-16	29.073773656745402
IL1B	-0.9743066455635541	6.2012304267323	-8.908255886211434	1.6167256928925952e-17	6.28019703026214e-16	29.035940403569
MVP	-0.6917743361880717	6.897423171681913	-8.880782706932639	1.990421501045126e-17	7.629305558749893e-16	28.831588061616756
P4HA2	-0.9000819663483668	6.758981607157447	-8.880431926181185	1.9957077321094637e-17	7.629305558749893e-16	28.82898163927787
OSTF1	-0.6515231409009248	6.860610295902656	-8.873185305429237	2.1080772372930234e-17	8.008033467344664e-16	28.77515240037028
CD74	-0.9956747566215824	10.810095530653488	-8.871156151685206	2.140649858317859e-17	8.106196727630081e-16	28.76008482713992
LY75	-0.8939082919827293	5.6564068603902316	-8.858802976241318	2.349977259264549e-17	8.870979986226865e-16	28.668406364979646
IL8	-1.3836636685552142	6.8642542717331	-8.857339481627239	2.3760819151963495e-17	8.941493257123263e-16	28.657550877266154
EVI2A	-0.9565390116374148	8.024735486975741	-8.848705680043643	2.5360324579368843e-17	9.493306267442749e-16	28.5935344267372
MGC14376	-0.6731869802855392	6.786457245840516	-8.842794956621303	2.6516368140850966e-17	9.885761769415706e-16	28.549733136130186
GYPC	-0.8481421895827426	7.614538835734151	-8.833277039655357	2.8488517928248005e-17	1.0588232496665508e-15	28.47924277615637
CECR1	-0.9637286306437254	7.760480460480811	-8.83072848364671	2.904079494526495e-17	1.0728357380449235e-15	28.460376785750455
MGST2	-0.6185976953731487	7.932342756271901	-8.819662990577758	3.156423987347371e-17	1.1623748518543437e-15	28.37850627173858
CFI	-1.1017685028680688	7.618664602069127	-8.811172063953991	3.364669072089596e-17	1.2315302421307877e-15	28.315731834957518
MARCO	-0.7388692886731132	4.716636350759601	-8.807049194140665	3.4706344056442053e-17	1.26646604584144e-15	28.285265879153926
CCL18	-1.194809353226538	4.771748601075776	-8.803586207097311	3.562187547079327e-17	1.2959475057984668e-15	28.259683667314498
LILRB4	-0.6015010182920744	5.128207511548224	-8.799418427050052	3.6755487941662726e-17	1.3331614029924777e-15	28.228904051482395
C3	-1.146471177689211	10.999070178446686	-8.773269831165281	4.4728550888972726e-17	1.60709694856256e-15	28.036021079375345
ITGA5	-0.660184501889935	7.19187549623387	-8.77301045966306	4.481565169448714e-17	1.60709694856256e-15	28.03410981859861
CBS	0.8083073327874413	7.063275843267599	8.772932785847575	4.484176837045508e-17	1.60709694856256e-15	28.033537462118694
CAPG	-0.8195579067862946	7.7507154054092995	-8.732289298588695	6.07953651758712e-17	2.1595804939464335e-15	27.734524831479987
IBSP	-0.8778349903854741	5.406311226406961	-8.726283224559774	6.358721230833797e-17	2.2521094429911932e-15	27.690419406583658
BCAN	1.0550994382483108	6.940712143021613	8.721549092709305	6.58769234194373e-17	2.319561145663345e-15	27.655669188651615
SOD2	-0.9653451756033604	7.6773525438771495	-8.675101247594098	9.314799342566598e-17	3.2512699618315063e-15	27.315416102596593
COL6A2	-0.916481417498062	5.968002834740556	-8.659941087670859	1.0427001635517346e-16	3.608102117669537e-15	27.204632639007805
ISLR	-0.7305754234879416	5.220888839197945	-8.6294048212684	1.3081410073672006e-16	4.475180116680634e-15	26.981895715307452
RRAS	-0.6629637450269517	6.9718272849410585	-8.583502937037737	1.8376857053600588e-16	6.216126759535345e-15	26.648109086205125
SLC2A5	-0.8380559429745889	6.497275354986804	-8.576365032356362	1.9372178817155879e-16	6.5344475438708994e-15	26.596315587516038
FAM129A	-0.9410962303287675	7.611242005420937	-8.574095438283099	1.9699692218492465e-16	6.607902331339451e-15	26.579853440857207
CPVL	-0.9062716019604196	7.9028945797016235	-8.572470833587452	1.993748875768879e-16	6.669089989446901e-15	26.56807149226183
PTER	-0.7263628656606596	5.1158975827823845	-8.556003579814083	2.2513990874428757e-16	7.44817247554591e-15	26.44873581940589
SULF1	-1.1854545799439382	6.182466576015453	-8.550898198454862	2.3377749010150276e-16	7.691662666126491e-15	26.411770480556754
IGFBP4	-0.8086619649741076	7.008870702211168	-8.545668683283903	2.4296493381034594e-16	7.972162760065903e-15	26.373922360127757
GPNMB	-1.2015522013171545	9.401552629754455	-8.53827503159877	2.565668771086463e-16	8.395593299299781e-15	26.320439165110557
CD37	-0.7520675679597693	5.647081160917299	-8.528331938458596	2.7605333613960287e-16	8.984416956197561e-15	26.248565296864953
PLA2G2A	-1.7472534461379663	6.826645511485453	-8.511419901192186	3.126154912735518e-16	1.0092535511839438e-14	26.126451162415833
GAD1	0.7040793875092248	5.303131390071106	8.454690587507892	4.738852440369777e-16	1.5096629917178006e-14	25.71807958140642
PCOLCE	-1.0255429437729475	7.09369322777402	-8.428002707661982	5.759434721713926e-16	1.8155788722219658e-14	25.526630354679952
FBP1	-0.6079020437194194	5.516590625885028	-8.423308895006848	5.96017487785562e-16	1.8739536783064588e-14	25.493002864018344
CXXC4	0.754574778225706	5.692536531129849	8.421094932088808	6.057245623295598e-16	1.8995143696803537e-14	25.47714615229726
PRSS23	-0.828256255953276	8.133569833999962	-8.409659401552815	6.584078498087972e-16	2.0470077322490562e-14	25.395290249537474
CORO1A	-0.7628386842204229	6.780525737859796	-8.406544680027094	6.735261191849017e-16	2.0849875391322844e-14	25.37300861571888
CXCR4	-0.8683369925238944	7.882683687767777	-8.398045198273133	7.165496175631591e-16	2.2124847422296314e-14	25.312236029594068
PGCP	-0.610036776648692	6.81280379643946	-8.38611383045809	7.815647145471435e-16	2.4009189521879342e-14	25.22699846621925
OLFML3	-0.8628773070720204	8.80238853823999	-8.384068285712987	7.932824442542562e-16	2.430714298653881e-14	25.212393748152685
SEZ6L	0.8126720155232636	5.737629659571541	8.376931122078917	8.35543859012345e-16	2.5537104442199642e-14	25.161455847540537
MXRA8	-0.6970683477713226	7.05401531247691	-8.375695513454293	8.430830463218392e-16	2.5702293781791362e-14	25.152640442301497
FGR	-0.6093887560091185	5.697477420039406	-8.3741580386078	8.525580740053256e-16	2.5925515977707402e-14	25.141672672665443
RAB27A	-0.7004790567318882	6.215385646817161	-8.365562101929891	9.07504958382927e-16	2.7526888435383392e-14	25.080378832968243
C1orf54	-0.7176180390553455	8.83751429173308	-8.360924340054018	9.385897903143616e-16	2.8398236821521463e-14	25.047327573804786
CXCL6	-0.6508772439284347	4.3171929449534	-8.34175976388372	1.0785964946788629e-15	3.25525287942929e-14	24.910888453223045
ANXA4	-0.7781321799608358	8.050257712473746	-8.34112483050967	1.0835723244601633e-15	3.262094482787322e-14	24.906371961090407
FXYD5	-0.77692292899245	7.276815348656737	-8.331596462035218	1.1610277025207055e-15	3.4865575046768915e-14	24.838622922844678
GNG4	0.8538122534354482	6.998501291799171	8.330287126546514	1.1720902894675854e-15	3.511022702927528e-14	24.829317538218504
CRB1	0.7907169107312475	5.54569509739594	8.293805150736334	1.5259313305156929e-15	4.525927360115757e-14	24.57046161144971
RGS2	-0.8621292333648913	9.74264492611274	-8.292696473373702	1.5381951297678916e-15	4.551092322522101e-14	24.56260775697534
TIMP1	-0.8908918250320124	11.318074250808206	-8.236756168839344	2.3014650058677987e-15	6.710470121225189e-14	24.167304041974518
IL6	-1.0173500504399655	5.4302320782477	-8.212816954225776	2.733005490231485e-15	7.873409596499413e-14	23.998723939647142
CD69	-0.8195244811046116	5.052198936772766	-8.207798870656752	2.8331296269513867e-15	8.103692866448598e-14	23.963431317205604
IL18	-0.6848601117393187	5.428089122681574	-8.178577034919554	3.4924418881919206e-15	9.918864438114885e-14	23.758220433984192
PGDS	-0.9031855170339735	6.19783889850963	-8.171641278108064	3.669967417696695e-15	1.0398528857389084e-13	23.70959148773821
MCM7	0.6624982400307102	7.729664292975121	8.150860051455103	4.257005443855786e-15	1.1977303634325086e-13	23.564065722776107
CTSK	-0.9994826705925117	7.301322153488967	-8.147946394747574	4.346405365533346e-15	1.2200329466608987e-13	23.54368352595533
DSCAM	0.6773113856421791	6.067245677138471	8.143528500897766	4.48551002712493e-15	1.256151435968335e-13	23.512788645964
MAP2	0.9243718366451725	6.987662737542955	8.13073146827218	4.913751986990244e-15	1.3665450676059243e-13	23.4233658755465
TMEM176A	-1.0066427354657916	8.021139020630063	-8.127021304367524	5.045294094293137e-15	1.3998947346423493e-13	23.39745913847407
PI3	-1.3042102042843142	5.302281223419035	-8.125368022092486	5.105025235234443e-15	1.413211813395245e-13	23.385917624324243
MYL9	-0.9045328264389152	6.782853813165926	-8.104543797137927	5.919940016591203e-15	1.6350439834814513e-13	23.24069016923788
CFH	-0.8716424070834963	5.867523867752457	-8.08087079377328	7.0031807806222915e-15	1.9253950447546491e-13	23.07592420494393
SRPX2	-1.0184058095406403	6.5462144911270554	-8.040549408664269	9.316469002931402e-15	2.538210853694569e-13	22.796092162841582
TREM2	-0.9173750776943139	7.921792407055512	-8.029889445947896	1.0044986690772196e-14	2.724363282213486e-13	22.722282243554346
CHD7	0.7529498668408943	6.872359387960208	8.019698780659159	1.0793923583790487e-14	2.920908489797866e-13	22.651788630877434
CD302	-0.7647453565788451	8.208511342662561	-8.006699108188043	1.1829793358614305e-14	3.1940442068258624e-13	22.56195880244656
FAM64A	0.8050386628577346	7.102458222076477	8.00395787903302	1.206044909678151e-14	3.2417841076661367e-13	22.54303007939889
KIF15	0.7845986349452181	5.8708815706496615	7.976982572984552	1.4580812827646014e-14	3.893174014867257e-13	22.357013594742973
POSTN	-2.142034874594418	8.49588929393764	-7.968646895233868	1.546002450426194e-14	4.1097045271594326e-13	22.29962550814581
CKB	0.9805002406493131	10.54647107809832	7.955756247573727	1.692375775493974e-14	4.469208133442639e-13	22.210964855980507
SYNPO	-0.8356583761738303	6.687079068202615	-7.948042586971017	1.786422101815221e-14	4.686730925938756e-13	22.157961463950024
COL18A1	-0.6751075494384002	6.838844501043229	-7.933949531268314	1.9717610850997126e-14	5.139382464668991e-13	22.06122055598744
HEPH	-1.0394514486585864	6.520233610440981	-7.923802899729602	2.116831747438296e-14	5.486215521731743e-13	21.991647873637554
ADORA3	-0.840584203967734	6.878222451728419	-7.92369067528945	2.1184937864185852e-14	5.486215521731743e-13	21.990878747869388
EGFL6	-0.7600617683033768	4.902441379493929	-7.922123642564221	2.141836500054372e-14	5.534762904217758e-13	21.980139989219303
CLEC5A	-0.9294756279334111	6.036632009145215	-7.907428203959703	2.3734728305611576e-14	6.081140388429247e-13	21.879509416221325
ANXA2	-0.7160093445881408	11.64042588892587	-7.904698853079886	2.4191392666071488e-14	6.184984086726812e-13	21.860834694952132
FSTL1	-0.7323513723189894	9.7759827655967	-7.901873919399908	2.467318358008689e-14	6.281489993052988e-13	21.841510987080987
DLL3	1.1695211088817734	6.186817961596668	7.8929531313065695	2.6257656765577646e-14	6.642745856535421e-13	21.78052259353219
ACTG2	-0.7578696240261582	5.657480942392072	-7.879079692815472	2.8923483075356906e-14	7.256178816530164e-13	21.685775708728563
ITGBL1	-0.6685425362669717	4.489383631826476	-7.872973033671032	3.0179960918813974e-14	7.555656743957545e-13	21.644110103175713
PBEF1	-0.9068875479169201	10.350238800944906	-7.868981402565628	3.1030220973883194e-14	7.752404999325756e-13	21.616888200258295
CD3D	-0.6645750402880033	5.163443794017561	-7.86336410585601	3.226694631872687e-14	8.028069577894813e-13	21.578596973029086
ADAMTS1	-0.8212861463320831	6.378371878367043	-7.852746350976074	3.47389324507996e-14	8.589860874179236e-13	21.50627458848792
GPSM2	0.6091780420784643	7.451600776930465	7.843659622602061	3.700222732783506e-14	9.130754538561266e-13	21.444438207145062
ABCC3	-0.9656828252611671	6.30263625578683	-7.8149943483202025	4.513903716125614e-14	1.1070555712746362e-12	21.249715284420795
NLGN3	0.6861246328633896	6.543387860244674	7.801277115502997	4.963423740955935e-14	1.2123640707625024e-12	21.156721588182307
SLPI	-1.4331526909552208	7.072631657424088	-7.799510282255586	5.024444499266803e-14	1.2247846287483974e-12	21.144752465876564
ETV1	0.725474954411105	6.753942814203737	7.7811644721681175	5.703468147300729e-14	1.3847008756007133e-12	21.020591016597926
MAN2A1	-0.6267035099012874	7.821461462777333	-7.7770306118591215	5.868550374880862e-14	1.4182160677241496e-12	20.99264378036176
CLIC1	-0.5867626846588294	10.367798765769239	-7.7768330161042165	5.87655816771339e-14	1.4182160677241496e-12	20.9913081982301
APOBEC3G	-0.7575284694667506	6.926994286917937	-7.7768259140631	5.87684618663304e-14	1.4182160677241496e-12	20.991260194839434
LTF	-2.120574922480743	8.345738139092765	-7.762676563440546	6.479215631223415e-14	1.5511474081747986e-12	20.895688232936216
APOC1	-0.8977895179444548	10.425492657447375	-7.760791201763698	6.563946335780334e-14	1.5683143209418011e-12	20.882963332727876
RFTN1	-0.7708327483499371	8.903679440728576	-7.758097199391222	6.686918610065213e-14	1.5945321564832733e-12	20.864784662834538
RGS1	-1.024348157099607	8.425733172122168	-7.75198981315065	6.974180316798848e-14	1.6564709935876081e-12	20.823590499919078
KIAA1199	-0.851881136168064	5.891427622707247	-7.736857170758853	7.739452974842218e-14	1.8280194846740556e-12	20.72162559507104
EDNRA	-0.7684473156761156	6.722341947817376	-7.736809578504134	7.741985859356986e-14	1.8280194846740556e-12	20.72130514960614
NID2	-0.9036017032439432	6.711748600600843	-7.734323325994051	7.875448914253962e-14	1.8522686684657463e-12	20.704566904211973
SLC31A2	-0.7219190385703209	6.899963771586419	-7.723704735767346	8.471471167149016e-14	1.9846975835565845e-12	20.633124441362256
CSPG5	1.1610474519218572	8.45366152142894	7.722597114347179	8.536147905317528e-14	1.9920987030200324e-12	20.62567653116566
DRAM	-0.6587931633946615	6.936251940723207	-7.7122246311725196	9.165954720347571e-14	2.1308190490815725e-12	20.555968278381066
BLNK	-0.8304533900468272	6.3074865946409275	-7.686839889764859	1.0907172006296406e-13	2.516171749038723e-12	20.385666285225973
CD48	-0.8407782027904904	5.816170492249969	-7.667790665571349	1.2424440149010393e-13	2.8389963619427544e-12	20.25814489670413
PDLIM1	-0.8429649779471218	8.066271357144261	-7.6651310826100545	1.2652202186032414e-13	2.885564748564438e-12	20.240359731856145
KIF2C	0.6410725552587433	5.965271804139939	7.648686329815519	1.4154788147837544e-13	3.216074695778485e-12	20.130493380070554
ARHGAP29	-0.7011779979073207	7.851294626657905	-7.646271915511699	1.4389728407352626e-13	3.257163712055269e-12	20.114377772347815
ARC	0.9910691762726112	6.6924474882878044	7.638857518766179	1.5135503210947863e-13	3.4131410049856586e-12	20.06491247588012
KCTD12	-0.796387134080323	9.833733431410936	-7.636888193683446	1.5339911569636397e-13	3.4463286403276397e-12	20.051780156266254
CXCL2	-1.092201626689743	6.784341605062768	-7.630138310245048	1.606139493741472e-13	3.5950059077388115e-12	20.006788335674166
CP	-1.0943549703422022	6.997159928532289	-7.619865205868857	1.7224151525663131e-13	3.848111923414387e-12	19.93836977461398
LAMB1	-0.8917923553587199	7.365948393435535	-7.583257167597682	2.2083344060785248e-13	4.888375536396617e-12	19.69512708590527
TRIM22	-0.8705675077168511	8.819249109624273	-7.574294603415156	2.34655425248629e-13	5.18480849696145e-12	19.635710088067547
CXCL1	-0.7342921893970455	4.995025902440573	-7.549262243377698	2.779392599483456e-13	6.085353760541778e-12	19.470040734331207
RNASEH2A	0.6214533274727385	7.576978383201951	7.547937279916749	2.80437665548021e-13	6.128911739617548e-12	19.461283429467386
AHR	-0.7774403874327618	7.190499750090644	-7.541751298479873	2.923982655472965e-13	6.367196950670063e-12	19.420412799338088
PTGS2	-0.8804158802397417	5.269829572404404	-7.538033619621815	2.9982684241847013e-13	6.505432137663454e-12	19.395862410745117
FNDC3B	-0.5880911289799649	8.442127641158391	-7.532808330286682	3.1058330010815403e-13	6.702587992656615e-12	19.361371759312846
C8orf4	-0.8669703573924945	7.113086951414706	-7.528780686914481	3.191331256444432e-13	6.862501962518544e-12	19.334798816205343
LOX	-0.8270220640548658	5.366941266027891	-7.50794268012116	3.672117051976261e-13	7.840360556719528e-12	19.197489549854758
JUNB	-0.5916432977156454	7.860689127270716	-7.493011104540727	4.059858507205153e-13	8.63760002540008e-12	19.09927789192664
CD55	-0.8458828244858534	5.8820927362153945	-7.48483311148167	4.2890448937755614e-13	9.04530273394839e-12	19.045550641695435
KCNJ2	-0.6249496213690735	7.025200531300909	-7.483042032519268	4.340916405780883e-13	9.136278376494982e-12	19.033789691011606
PHF11	-0.6015813325436614	8.556927999590444	-7.449067464732565	5.450559363985584e-13	1.1311141113857424e-11	18.811105411118568
MAPT	0.8466491375643459	7.3019084239721215	7.4486833223590105	5.464582340110815e-13	1.1311141113857424e-11	18.808591993914007
SPON2	-0.7393138752139805	6.094411670688139	-7.447788642531839	5.497380252715056e-13	1.1354966209810411e-11	18.80273854888531
MYLK	-0.8803362093598404	7.832742460044174	-7.4238178910103265	6.452071485928479e-13	1.3191145133030689e-11	18.64610992451263
MMP9	-1.2129679951736652	6.964771909623458	-7.408602384595797	7.140962035779649e-13	1.4403930458100257e-11	18.546889859992255
SERPINE1	-1.005858130140286	7.346989299939452	-7.381458817593026	8.554367492624595e-13	1.6887162843636947e-11	18.37027450148419
WIPI1	-0.6669804317573549	6.989279364175076	-7.371559287069618	9.135658448962691e-13	1.7888064884944508e-11	18.30598489207268
CXCL14	-1.5887235969193876	8.273882867124412	-7.369398228014666	9.267636076415202e-13	1.80876618528674e-11	18.291959334800318
APBB2	0.6343202474253298	6.332173207445116	7.367330539670465	9.395668703128558e-13	1.8307870958426227e-11	18.278542722548657
DUSP1	-0.6420059775470452	7.269264180384048	-7.363165834767985	9.65886116992817e-13	1.879030794964055e-11	18.251527976053417
RBMS1	-0.5860708338765681	7.987445040221492	-7.352949924218669	1.0335609665667008e-12	2.006759379828023e-11	18.18531124337622
GUCY1A3	-0.7671889782369075	6.687708718152145	-7.300834446087597	1.4584794618450448e-12	2.7614795093613252e-11	17.848614984342113
C1RL	-0.756019066842252	6.574800090491925	-7.2794621997299345	1.6788363079270366e-12	3.1539074602273594e-11	17.711072204628785
IGSF6	-0.6576696326439295	6.1291960970760995	-7.253987213004707	1.984603349450718e-12	3.710961728895271e-11	17.54753332463833
KCNMB1	-0.7082835961272593	5.671462271626459	-7.241365421009484	2.1557897635964375e-12	4.012367903126476e-11	17.4666711245603
IFITM3	-0.6080048393464086	10.564384045824323	-7.229978651734127	2.3226474248067206e-12	4.316253131099156e-11	17.393814838626817
IGFBP6	-0.8829406606805108	5.9905729677105315	-7.221223519658171	2.459527633356913e-12	4.556558732443685e-11	17.33785712304782
GBP2	-0.7090481921600231	7.644853831821333	-7.214636711756283	2.567712376049261e-12	4.7351290095536296e-11	17.295792771817048
FANCI	0.7229441548872408	6.742942392913196	7.175665274173489	3.310513201428313e-12	6.049347491896774e-11	17.04752600247552
NUPR1	-0.6866867446048364	7.67651199045611	-7.154459011859748	3.799745360046211e-12	6.911863085449617e-11	16.912871889430605
C9orf95	-0.6205845882917815	7.024850952219364	-7.133845118648793	4.343250377616548e-12	7.876720037237722e-11	16.782277181037102
BACE2	-0.736352396767276	6.98978115475501	-7.103996711606892	5.2682084876333685e-12	9.482775277740063e-11	16.59370123138814
CXCL5	-0.6407609740009033	4.380688273646515	-7.0884563888626335	5.823896200049596e-12	1.0427332328071552e-10	16.495765715771824
C7	-0.6636692344168882	5.194795072006043	-7.08400990856314	5.9932367856050655e-12	1.0676117954475768e-10	16.467774798446243
CRISPLD2	-0.6903055872707267	6.2772803272398585	-7.063383431176104	6.844286430784579e-12	1.2049546374197061e-10	16.338109777258644
CAV2	-0.7374511383415729	6.778375156877726	-7.047024124318142	7.602828949339457e-12	1.3281428219786006e-10	16.235480700628123
P2RY13	-0.7483039692502862	5.737620737017715	-7.031962831986492	8.373946226705475e-12	1.4488370756032664e-10	16.141160001911572
GALNAC4S-6ST	-0.6564912299974388	7.638179420251557	-7.0261527315647685	8.691542082990437e-12	1.4994777903061726e-10	16.104816923486844
CRIP1	-0.7817153233079424	6.206230586241857	-7.006021358352479	9.886324691363993e-12	1.6815130216582655e-10	15.97907502761832
CENPF	0.753130429974048	6.945433162855463	6.999088957553329	1.0334027796251533e-11	1.755181420627094e-10	15.935840593201045
ZFP36	-0.6858966422572461	8.777779054872598	-6.970605138101021	1.2392265989098793e-11	2.0841852938649116e-10	15.758553586298644
SNAI2	-0.8585504595390914	6.447622709090129	-6.965669808417059	1.2787735158614514e-11	2.1447062225631755e-10	15.72789348051211
CHI3L2	-1.3203041705698109	8.352801688366766	-6.939818708491561	1.507077464546219e-11	2.503203700422837e-10	15.567577379697335
RAB32	-0.626563246278339	7.77336944429632	-6.934291602966907	1.5608561240362758e-11	2.5818447040720927e-10	15.533362137563865
CPD	-0.5926750952018294	7.1570206100052065	-6.92906999465553	1.613392727714734e-11	2.661434962622031e-10	15.50105789179622
A2M	-0.7815421289077431	10.980185400079678	-6.874169719954237	2.282478219110861e-11	3.6943014401254013e-10	15.162578137656384
PLTP	-0.7911467449218872	9.133265056105015	-6.83151110024084	2.9843501244923005e-11	4.753643412584164e-10	14.901051231228207
KLRC3	0.8241051898418936	5.211989533911626	6.8309759199742635	2.9943814991229456e-11	4.763321269806937e-10	14.897778444752115
RARRES3	-0.7882077207058442	7.879499101581503	-6.817729636706843	3.2534985467636864e-11	5.16187476945037e-10	14.816838670206833
TLE2	0.5987239054693454	6.065361024744815	6.796885885623895	3.7064590188147025e-11	5.865069580100742e-10	14.689729521968177
DKFZp762E1312	0.5951791467318657	6.3269342095605	6.788183854493298	3.913394122312932e-11	6.168205761896902e-10	14.63675492295218
VCAM1	-1.0611358605730974	8.374792822246388	-6.7753554522761155	4.239299098826763e-11	6.629823343905439e-10	14.55875957968007
KCND2	1.1167657861431053	6.543155006783085	6.750386722253584	4.951854445167792e-11	7.664554142507783e-10	14.40729111039281
MX2	-0.7554876733772629	5.929637778768389	-6.74072234610719	5.258152405273163e-11	8.113023525226209e-10	14.348784188050617
PBK	0.8662527963814206	7.761834393232707	6.73846658615971	5.332280159021266e-11	8.200679141115465e-10	14.335137778835184
FKBP11	-0.6021923461780041	6.574088509417933	-6.731566183699304	5.565465171799493e-11	8.548384132501211e-10	14.293415970883876
PTX3	-1.2171257985239867	8.016197899428494	-6.728607312853781	5.6684941747602646e-11	8.686586839394058e-10	14.275536302134418
PPIC	-0.5865700429123217	7.356371665339995	-6.71037579950483	6.34590723864238e-11	9.660861563556453e-10	14.165507445114931
SCG3	1.1373924849198085	7.628516217090296	6.686212872956798	7.367376377412157e-11	1.108974329209965e-09	14.020051918300373
MMP1	-0.8776030612868215	4.397719963326356	-6.679905610384974	7.659548140381685e-11	1.1500782881106765e-09	13.982153092851535
CD36	-0.681147571087239	4.851719231711766	-6.678781288599961	7.712811218834986e-11	1.1566335329665118e-09	13.975400338621435
PLAGL1	-0.617261525956704	5.506104972205365	-6.676073928023813	7.842564358092241e-11	1.1741736322054752e-09	13.959143501363792
IGKC	-0.9761230866226613	5.446031526957829	-6.669927819798914	8.145126525342064e-11	1.2124056071467135e-09	13.92225779478582
MARCKSL1	0.6478954896815168	10.380495869183934	6.661750655836451	8.565491440060635e-11	1.269775282401928e-09	13.873225217047926
GFPT2	-0.8458528888788468	7.590073687325036	-6.660264919026758	8.644121985824177e-11	1.2787778495490755e-09	13.864321527469583
NOVA1	0.739725849221534	7.313720974091451	6.659196958052838	8.701079444081164e-11	1.2856245235046059e-09	13.85792246479569
C16orf45	0.6421395270250461	8.302942163030998	6.65692739673582	8.823347388402777e-11	1.3020925153326746e-09	13.844326340779284
EZH2	0.6827988697443104	7.243151749819914	6.6472547922022605	9.363617180315339e-11	1.3801306987191837e-09	13.786423182983908
DYNLT3	-0.5960945146751353	9.529296439542783	-6.624403954121039	1.0772191338601309e-10	1.574157368422158e-09	13.649901173457748
PPBP	-0.772551670500925	4.838517413241403	-6.6189760184507325	1.113620002030987e-10	1.6235123564718092e-09	13.617527893897927
C6orf134	0.7162933040616419	7.121001698776927	6.5867807735214585	1.3556809337712874e-10	1.929682009985088e-09	13.425950629105094
IFITM1	-0.7684916001062234	8.871430322470031	-6.565914861825387	1.5393861190522978e-10	2.1605230356209524e-09	13.30219268460471
SPINT2	-0.7045171867381326	6.498324475494953	-6.563861214033008	1.5587344764155953e-10	2.1846860084136645e-09	13.290029498689394
UBE2C	0.7114833127521898	8.581045540692367	6.563703432893172	1.5602308314530407e-10	2.1846860084136645e-09	13.289095132515788
CXCL3	-0.6393411073008579	5.243886696192932	-6.5521597638815505	1.6736158104320667e-10	2.3272149641135043e-09	13.220783997801663
ENPP2	-0.9906344212705775	7.121670955397555	-6.549184248122449	1.704128208106972e-10	2.36691025167522e-09	13.20319183218326
COL4A1	-0.7778580439689389	9.341011437025628	-6.522935782394403	1.9980242304291341e-10	2.737225003734657e-09	13.048284222053416
IL1R2	-0.6643386027008331	5.1608021910876	-6.498454328603426	2.3166170399020844e-10	3.137986771034972e-09	12.904261146088048
CEBPA	-0.637638085781278	6.6597968135863255	-6.497678554238912	2.327487042356924e-10	3.1491684229283234e-09	12.89970451853486
SOX4	0.6866407591252699	7.621271740158477	6.496304241436782	2.3468665224999745e-10	3.1682698053749656e-09	12.891633373737482
THBS2	-0.7040397369233	8.069528599884054	-6.446819505101254	3.1605316892037784e-10	4.154926048186888e-09	12.601944995937112
AMIGO2	-0.8996112171153436	6.763592896480253	-6.442165250653655	3.2499694476524335e-10	4.267844284474439e-09	12.574791662825602
ACP5	-0.6309869957625418	4.872792056287058	-6.428939424903874	3.517877243213257e-10	4.5763549850766085e-09	12.4977185924298
LOXL1	-0.7787505947967928	6.390928154899619	-6.423715924813357	3.629545854951025e-10	4.714885780509196e-09	12.467314526672608
MMP7	-1.01492033797933	5.695425895444648	-6.4226525926676805	3.6526997000408187e-10	4.739850192660726e-09	12.461127741486182
TPX2	0.6979403330320917	7.558922260203679	6.404813325769652	4.0634324820241826e-10	5.2277621739888036e-09	12.357458662541257
ALDH1A1	-0.9426621120225125	6.150445751372694	-6.404592557097359	4.0687887759451077e-10	5.229066642468622e-09	12.356177192979851
UPP1	-0.6352080898625792	6.877904191240382	-6.40192627691359	4.1340268745209194e-10	5.307244309486238e-09	12.340703414367821
NUSAP1	0.6627682790065705	8.430311835248633	6.395028953894221	4.307580594983591e-10	5.512421416024697e-09	12.300699257366185
BAI3	0.8504293038836428	6.958664795272319	6.38887994482089	4.4683089695028447e-10	5.712035733625611e-09	12.265065112755982
RND3	-0.6332850150295215	9.453281099643593	-6.387515882091775	4.504752361187966e-10	5.7403415802566655e-09	12.257164039811633
NOL4	0.7163545938366136	6.425226360184234	6.373517700208564	4.895972852786049e-10	6.192994232484203e-09	12.176162281616515
NCAPG	0.5970465940028626	5.865112952685525	6.3445259280636535	5.815009532491274e-10	7.271479209788154e-09	12.008863249559228
tcag7.1314	-0.627156117423822	7.333022999940688	-6.339900747429391	5.976472147004525e-10	7.457894051215386e-09	11.982231354560662
CRMP1	0.8435658903677634	8.306515156566325	6.336137958310697	6.111060527942922e-10	7.617949366199654e-09	11.960576922452605
NDRG1	-0.6947667309570971	8.706780835552694	-6.331075592610981	6.29682421757547e-10	7.809099611539013e-09	11.931460271585644
CXCL13	-0.7272688566009258	5.12854425363015	-6.300561359100937	7.539443669188941e-10	9.220066987856448e-09	11.756361182475432
EFEMP1	-0.9366419217564115	9.700862451685323	-6.298224935951672	7.643919968880427e-10	9.316607719155679e-09	11.742982897981102
TMEM140	-0.591938654045701	6.52769462186668	-6.28447323124426	8.288184366842849e-10	1.0030785542263475e-08	11.66432407883749
RCAN2	-0.9476517344932365	7.078203932473976	-6.274446839507245	8.791126923412997e-10	1.05756993418321e-08	11.607063312169009
SKAP2	-0.7045325014706183	6.801965545086208	-6.271460722435072	8.946605491938422e-10	1.075199833671881e-08	11.590024185717903
TTYH1	1.0387164311772032	8.491153659124647	6.270039482651701	9.021547546332083e-10	1.0809699059993129e-08	11.581916783302779
PRC1	0.6541851407136097	7.680128949802679	6.269628182131689	9.043349840777435e-10	1.082505156885108e-08	11.579570820215325
CLIP2	0.7105604329812039	7.902724295462366	6.264936361692767	9.295733293747678e-10	1.109407535414366e-08	11.552818764831185
PLS3	-0.5995801542572181	9.986263247106788	-6.264667824704987	9.310385214195907e-10	1.1100560272212586e-08	11.551288108260907
APOC2	-0.8218451524623198	8.48681405042406	-6.258157923425302	9.672575160978728e-10	1.1498237915943322e-08	11.514198376590256
OLR1	-0.7488930044461801	6.081489624309915	-6.25372022604474	9.927340753914078e-10	1.1754674273218615e-08	11.488933174108974
G0S2	-0.6444209483686691	6.212437701402175	-6.251696030321002	1.0045718384274646e-09	1.185985693955248e-08	11.477413718030546
GBP1	-0.8238610193668894	8.576436550444791	-6.245976334848344	1.0387730048344201e-09	1.2203809291918133e-08	11.444880296925758
WSCD1	0.7065076676642796	7.159219542825687	6.238784445308206	1.0833976178864524e-09	1.267324225630706e-08	11.404008079364933
TOP2A	0.7993430926775664	8.259458859547811	6.235002112837134	1.1076136224572956e-09	1.2911794038364718e-08	11.382528359332065
ANGPTL4	-0.7470978058895517	6.409196443043175	-6.22983006061921	1.1415862634083283e-09	1.3256491594949941e-08	11.353173942507306
FAM131B	0.7096777910612353	6.7064050412288525	6.214941126577494	1.2451774751284753e-09	1.4335016401048853e-08	11.268783283189512
ASPM	0.7463515764709641	6.6362284105136595	6.189092904117769	1.4472777047174926e-09	1.6426124524230015e-08	11.122673218807398
LIF	-0.648263161380088	5.430030320566718	-6.1790090632398105	1.5345342571804292e-09	1.733476690897442e-08	11.065810290951164
FHL2	-0.7542360598153621	6.5035407257704225	-6.178542584458258	1.5386928928717774e-09	1.7365454372972766e-08	11.063181675039788
SDC1	-0.6224095256783064	5.380241503081605	-6.1521650395581196	1.7926700954443483e-09	1.9969781026217247e-08	10.914812350600668
DTL	0.6916041094018368	6.866812627815632	6.131156232976948	2.023879989474087e-09	2.2338737702334515e-08	10.797019446644304
FAM5C	0.9484820594828713	6.444211815088513	6.110363772605819	2.2813230322276104e-09	2.4951582156298715e-08	10.680770364383752
SOX11	1.0487473379027534	7.458968622417129	6.091661219746217	2.5400538891864653e-09	2.7531349175142586e-08	10.576487427928447
CYR61	-0.7340717901941272	7.875624178850784	-6.073321134010281	2.8215335619501176e-09	3.0336524243752964e-08	10.47448501557023
GABBR1	0.7210762178975534	7.063880690460516	6.0611869365945745	3.024289746519327e-09	3.240079815621507e-08	10.407139435865238
BIRC5	0.5949775784651727	6.73183363395088	6.046437871240861	3.2899710664663824e-09	3.499808443673867e-08	10.325433009400728
STEAP3	-0.6567628518713002	7.262615765772005	-6.045017179506537	3.3167352621834853e-09	3.5220569688900816e-08	10.317571508529637
SNX10	-0.8139435729783084	8.934711872795917	-6.042420397951385	3.3662064980438376e-09	3.5651590720707025e-08	10.303206029705803
DDX25	0.7615505284188879	5.493498984574903	6.03102016233107	3.5920573600199275e-09	3.7843879903202073e-08	10.240200776459242
LRRC15	-0.6170886510401878	4.3853280236337016	-6.028039460362629	3.6535085936010897e-09	3.839053270867742e-08	10.223743895468742
FCGBP	-1.0701440715090715	9.553275667443708	-6.026082088857903	3.694419876190848e-09	3.872908166272555e-08	10.21294067959059
ANXA1	-0.7481129774384279	10.208179165500505	-6.011885409935262	4.004839105707066e-09	4.175434849430692e-08	10.134673820005764
HCP5	-0.7404654411716587	5.770482152624946	-5.971978837825994	5.0202764376852966e-09	5.127580056200708e-08	9.915498139836723
AHNAK2	-0.8129788080459939	5.899742574513864	-5.9705063471585404	5.062196799568492e-09	5.1660147339325235e-08	9.907434380911154
BLM	0.5972528443255776	7.14195405297936	5.967005603200748	5.163236565941858e-09	5.251325568164853e-08	9.88827007471872
CCL4	-0.8008678009569028	6.228529150909802	-5.958260196751692	5.424331761455432e-09	5.493675615765039e-08	9.840435984088225
S100A10	-0.6574757899682879	11.31883362136828	-5.956662072864539	5.473417572833688e-09	5.53408013535376e-08	9.831701230500249
CDC7	0.6226134928441143	6.832631478802264	5.949291032909415	5.705486851526735e-09	5.74334441177151e-08	9.791439400791182
STMN4	0.7878929014048834	6.709644858120307	5.922160721450767	6.645343383519694e-09	6.602576322140607e-08	9.64361124449742
PHLPP	0.6894413783983797	8.240477616052749	5.920566980210311	6.705022611439637e-09	6.639957424914154e-08	9.634944962080981
CD44	-0.6350525661743962	8.5156156329642	-5.8785588643089755	8.480948954596994e-09	8.296310910743866e-08	9.407228141852782
LHX2	0.7577584319398394	7.0970254025600505	5.876623676802051	8.57297152294674e-09	8.37952297721791e-08	9.396770946480784
SYNC1	-0.6733655331644783	6.320403144211226	-5.868595684708044	8.965234809416207e-09	8.7134267615004e-08	9.353421106732585
SEMA3C	-0.586215233701803	5.380413493177462	-5.854258497237772	9.709783691527544e-09	9.361506422207742e-08	9.276127470554625
TMEFF1	0.5978673068106017	6.264244314279273	5.816212199287311	1.1990192668815563e-08	1.1360662372359398e-07	9.071792073867966
TPBG	-0.82858265946963	6.364137993039831	-5.805183720334905	1.2743652266954591e-08	1.2017154314695943e-07	9.01277278736559
WASF1	0.6117950126421627	7.8515124450643246	5.80444539153079	1.2795711175790859e-08	1.2047377168012e-07	9.008824993445332
CAV1	-0.8057524865108991	9.221498551614221	-5.793052024691769	1.3625830117355021e-08	1.2759117128552812e-07	8.947959534798661
EPB41L3	-0.6699625110786558	6.258435513315652	-5.7879342967957665	1.4015581178409168e-08	1.3103697868820126e-07	8.92065278068218
FMOD	-0.7206236062906708	6.565677936712521	-5.761927356709528	1.6170339925007317e-08	1.4852449252524508e-07	8.782204414596395
CCNB2	0.6372756681135598	7.683504403237375	5.751750997080877	1.7098607237123754e-08	1.559859305677608e-07	8.728174916834437
GRIA3	0.6480825483126313	6.794619380262037	5.747977101531599	1.745588986304468e-08	1.588842220187332e-07	8.708158802400296
DKFZP586H2123	-0.7212084415728892	7.0748638987347885	-5.726728501209905	1.960749336528089e-08	1.765994279018044e-07	8.595668866991065
KIF11	0.6048940271553178	6.071651123206398	5.725024124192073	1.9790859686087204e-08	1.7785188980586727e-07	8.586661304184041
COL9A3	0.8752139367300025	6.696327963572863	5.724593210609921	1.9837483734977965e-08	1.781379411906075e-07	8.58438430589746
CCND2	0.7228758399679167	8.137059992127227	5.723923852597678	1.991011934229626e-08	1.785239442441784e-07	8.580847629128334
SLIT2	-0.6552013328280788	5.525799582861201	-5.71772124222522	2.0595641536645945e-08	1.8439607091768806e-07	8.548091781733392
DCX	1.1800483161801054	6.675901549180247	5.700527432094519	2.261837379044572e-08	2.0041976246103561e-07	8.457450223365539
ATP6V1G2	0.7737623279284378	7.013972046073373	5.6919839489970565	2.3694166835119135e-08	2.0841866839189525e-07	8.412497822500509
RAB33A	0.7566438068410433	6.476177387684031	5.674167632140789	2.6100341399203715e-08	2.275889291304932e-07	8.318940969209907
CXCL9	-0.7739711126754303	5.373001619769612	-5.666004291883694	2.728080737329877e-08	2.3668262419975775e-07	8.276157571357741
DKK1	-1.1541260258550778	5.608357371982723	-5.656280718557241	2.875484328588788e-08	2.4750952312270325e-07	8.225265947998256
CDC20	0.6199904295773955	7.24577639682709	5.652914536554744	2.9282985890049125e-08	2.513369323506569e-07	8.207665338303997
MLF1IP	0.6547003141338656	8.597819113624912	5.6377365747069845	3.178401530058964e-08	2.71064527089023e-07	8.128416520728472
FXYD6	0.8527636031304624	10.082268941287337	5.632575747753231	3.2680880066648815e-08	2.7733837756348487e-07	8.101511872230743
SPP1	-0.6604860485080213	12.58817846462762	-5.627803415859023	3.353212499723057e-08	2.837623676856293e-07	8.076651352154139
FZD7	-0.685909036449333	7.263695486928192	-5.624208417775167	3.418758336402552e-08	2.887425074844553e-07	8.057935859550904
TTK	0.6582261481175475	6.505518000761675	5.606868995814594	3.752822153363902e-08	3.1361196648721796e-07	7.967811331473083
CHI3L1	-1.2688065853973072	11.303686071933233	-5.60298850904509	3.8318243881806966e-08	3.1888617334120214e-07	7.947674584312587
DPP6	0.8243875772715539	7.36610154086828	5.594558159691172	4.00907463691462e-08	3.324881320780017e-07	7.903968825676273
CLIP3	0.6386266708528048	8.713566022290376	5.5779156754197015	4.38271252139578e-08	3.6098922149554025e-07	7.817854711195553
HLA-DQA1	-1.121573058030978	6.497998611048648	-5.532443514587493	5.584773649451544e-08	4.4954441368111953e-07	7.583692080401098
NKX2-2	0.8801500638725877	7.632209637269573	5.500365964020262	6.619769129695376e-08	5.261733324078661e-07	7.419500655205997
DLG7	0.6283427064471745	6.200502617123966	5.467609104593809	7.868385683377823e-08	6.15306709178217e-07	7.252683683924841
CDH10	0.8003478731910434	7.273108848612562	5.442640560449341	8.971036186574166e-08	6.929391774132528e-07	7.126108604722633
XYLT1	0.6017654446956797	6.596566679786018	5.440120503901564	9.090327108303781e-08	6.9990868950252e-07	7.113361360373988
BHLHB3	-0.643341685685904	8.630342773636839	-5.42749718079242	9.711450494736063e-08	7.425097578261058e-07	7.04958561939304
ATF3	-0.608534438930862	8.119858960901936	-5.42195696168715	9.996895119630713e-08	7.609520292704997e-07	7.021635811565659
EEF1A2	0.7289131384432697	7.164899743136286	5.4150358520817665	1.0364953333711745e-07	7.845051417005458e-07	6.986754353264617
NLGN1	0.6297302435155174	7.572001292349546	5.362471180616116	1.3623608298592185e-07	1.0058583147249975e-06	6.723099031650872
TAGLN3	0.6793624176706814	7.227527226633226	5.301369773593602	1.8668782029077433e-07	1.3365604827238433e-06	6.419440024979762
FBLN5	-0.683385815717191	6.706121748270856	-5.298256080116191	1.8969431809554994e-07	1.3572780620954322e-06	6.404047017146775
ELAVL4	0.8449472073047728	6.616458399196823	5.296299150724954	1.9160785612265554e-07	1.369342316575085e-06	6.3943766857161215
CXCL10	-0.9533901152749058	6.98045785401216	-5.29013641495055	1.9775707301120565e-07	1.4074412962180487e-06	6.363943390193645
PLAC8	-0.7553947337499549	6.143665689363638	-5.284001279120294	2.040686989425414e-07	1.4455266309800493e-06	6.333677134374504
ASS1	-0.7106602763439716	7.197385775817418	-5.257061942678187	2.341726682359709e-07	1.6347288526942384e-06	6.201141645056245
NUDT11	0.6092551597225837	7.898059082244188	5.254107259093761	2.3772534048978805e-07	1.6576077302710062e-06	6.1866413238989395
TOX3	0.8745798313635023	6.2448880892667775	5.241593934880534	2.5335917870795143e-07	1.749398641055706e-06	6.125310391187485
SFRP4	-0.6331919605117236	6.025295193671167	-5.230534535620058	2.680026724330885e-07	1.8357725719222139e-06	6.071212120247946
GRIA2	0.9357889930653753	8.183112896098523	5.228565291548253	2.7069475618053104e-07	1.850003549333686e-06	6.061589844504265
ECM2	-0.6528934680799106	7.680540706128686	-5.211643053194474	2.9493470281162715e-07	2.0042910221544097e-06	5.979033982444832
LRRTM2	0.7324300667761188	7.155331664231123	5.172426607865703	3.594703450366737e-07	2.3876127385171675e-06	5.788617732790614
LSAMP	0.5956622088914134	7.541084283176674	5.14916054880652	4.040144018125187e-07	2.6510212563065227e-06	5.676246242560994
PID1	0.6254832337585663	7.821510914250281	5.144534429133552	4.1348738542141003e-07	2.7090397689034924e-06	5.653955902161115
CTGF	-0.596053696902664	8.245127760604973	-5.135763217881396	4.320422322861559e-07	2.8168124316133672e-06	5.611741399111557
TPD52L1	-0.5981893480789795	6.744824220260285	-5.10881639149421	4.942286519265817e-07	3.196295073308215e-06	5.482447312982478
RUNDC3A	0.6260355645283564	6.049003409314199	5.103840967205263	5.066215537434167e-07	3.2641716159327036e-06	5.45864019116228
KIF21B	0.6016492438581738	6.066141941531439	5.077912331285098	5.762312011787939e-07	3.6655975301611394e-06	5.33490435326773
RARRES2	-0.7253934383986289	7.299398844508803	-5.075897870774551	5.820108032273357e-07	3.692610164627806e-06	5.325314292298165
REEP1	0.6224132761142398	7.578274938249101	5.06984976066276	5.997021311333917e-07	3.7928640037333523e-06	5.296541786803385
TMEM35	0.5963750897939528	5.762701425584147	5.056675410581188	6.400574141031079e-07	4.029049336450405e-06	5.233972716812573
SDC4	-0.6141476870335136	8.039451083475642	-5.053983000286993	6.486220631106556e-07	4.0723185005101744e-06	5.22120333087563
LGALS3	-0.6326339750541159	11.305578441828604	-5.0192509440989985	7.695462985054646e-07	4.757123473615403e-06	5.057017776755323
FAM5B	0.6135188856516516	6.355445656227427	5.014609026494997	7.872732782467533e-07	4.851762956319039e-06	5.035150395269959
NCAN	0.9783954512424824	8.602087910835172	5.005642609247712	8.226392970092525e-07	5.05161775348568e-06	4.99296168054517
SLC24A3	0.6211885858088007	6.99977322298267	4.996513794115348	8.602214638373763e-07	5.26896585327044e-06	4.950077581015448
ALDH1A3	-0.6690763540695306	5.070542633159175	-4.989887270355051	8.885358761674699e-07	5.42033891631645e-06	4.918991867417748
SLN	-1.017826576227776	7.445777932360284	-4.91348858312972	1.287428089424016e-06	7.622638330151786e-06	4.563244060992391
ABCA8	-0.7650022954557905	7.4512493338912895	-4.913472036273034	1.2875308390241433e-06	7.622638330151786e-06	4.563167539705754
ASTN1	0.68520268880728	7.925165499481641	4.908730146956837	1.317304644766055e-06	7.78742392355073e-06	4.541248023246101
STEAP1	-0.6381234156778728	5.5971494971664475	-4.845801372522876	1.7811484383368692e-06	1.0296970472612856e-05	4.2521443491360955
BST2	-0.5874148062145546	7.604963088149789	-4.840418687674602	1.8274351873850206e-06	1.0529174414588717e-05	4.22757004094705
INA	0.6925652778348548	5.606221974097361	4.828545772005265	1.9336695448678444e-06	1.1082936058685665e-05	4.17345124019532
BEX1	0.8039886358354718	10.12324059305342	4.819674735059635	2.0169054462357362e-06	1.150524651045511e-05	4.133093035715563
TWIST1	-0.684219162381364	6.1168376482381275	-4.76773603400454	2.578056023670376e-06	1.4391271374127356e-05	3.8981339114064184
C1orf61	0.9735143439209963	11.071243063973409	4.7667892081212155	2.589565661967616e-06	1.4423473497416298e-05	3.8938718390089804
GLDC	0.6024337838154983	8.096913573537813	4.748449482988016	2.822517347411425e-06	1.5619831754378853e-05	3.8114665047253897
TSPAN12	0.6471410578211065	7.383292234913367	4.734240943975546	3.0167389160431817e-06	1.6625890172536382e-05	3.74781957057429
PDPN	-0.7424792342376811	8.245695643314551	-4.708859421123066	3.3961562598526475e-06	1.846343732783096e-05	3.634549565899329
BCHE	0.7178933556851472	8.957313789354941	4.702900663539424	3.4916714927599142e-06	1.8931430939133223e-05	3.608036723831548
TNFAIP6	-0.6410752516485045	7.608873858935069	-4.681336588981873	3.8594043664362175e-06	2.0812784317342108e-05	3.5123419758533405
ALDOC	0.6445272197600076	9.396687526757317	4.66399854833491	4.1818186176512265e-06	2.2351291519643172e-05	3.435688026068899
DIRAS2	0.6705000842654298	6.579881482286502	4.651075622196654	4.438819227105067e-06	2.3547251600352077e-05	3.378720493020216
PERP	-0.6344881719402613	5.574118911553826	-4.6017082564981	5.5676386394032105e-06	2.887245791610848e-05	3.1624087387852597
OMG	0.8202040419125494	7.935816243198508	4.585051085934266	6.007279906048307e-06	3.092760351801356e-05	3.089892507094474
LPHN3	0.6120868264285022	7.828697866218494	4.572362368932363	6.364359077240226e-06	3.2557524056758296e-05	3.034812188934321
CA12	-0.6316456439394704	7.431333690187947	-4.56400970123461	6.610446038042157e-06	3.365877005924044e-05	2.9986294941134197
KIF5C	0.6122234296252724	8.626886071101174	4.492586735745993	9.122176623456126e-06	4.506507611738152e-05	2.6916807923219856
IFI27	-0.6281266413496489	8.479889905780547	-4.479036412901404	9.69232711299402e-06	4.756112595544987e-05	2.633942051870857
KCNIP1	0.6427901232824551	6.561917679813522	4.45626007457067	1.072843489473661e-05	5.200958655491878e-05	2.5372475030329333
CX3CR1	-0.7609103867011253	8.783387957675293	-4.4158620365959065	1.2832536779390403e-05	6.089802086242317e-05	2.366844239610053
AGTRL1	-0.6761804740893407	7.673336146716818	-4.379400372996564	1.506629145752902e-05	7.015788156673026e-05	2.214258051901007
AEBP1	-0.6248468442611621	8.801445861553638	-4.378264626188257	1.5141523559960065e-05	7.045371974846951e-05	2.209523647851075
MAN1C1	-0.652503102988236	8.676252138517347	-4.342352701548303	1.7714538261751956e-05	8.104805081611591e-05	2.060401127037201
CXorf57	0.5949941834119619	5.7837733488750676	4.327167466741573	1.8923925328294295e-05	8.583122742121277e-05	1.997682465840029
SNAP91	0.6339180549197634	5.58253537326505	4.032402099173368	6.564334835695237e-05	0.00025951319793644795	0.8202264088162838
IGFBP3	-0.6160904099016076	9.144681891483362	-4.029380959578377	6.646046077773138e-05	0.00026239897333948893	0.8085546096984526
PLA2G5	-0.6880515266683025	6.379651681246216	-4.025927465089627	6.740634154975157e-05	0.0002655240971351353	0.7952223688972824
RP11-35N6.1	0.9024577490724308	7.295620373923037	3.9641661115582068	8.664096580249777e-05	0.0003331195754130518	0.5585792802746159
STMN2	0.8432249430996164	6.5743586448669245	3.8012801781467345	0.0001654003445243853	0.0005905767911866564	-0.04922443308865798
GPR17	0.6550091299792262	5.473973666515863	3.7717971016584215	0.00018549002516369777	0.0006558047219674834	-0.1567003404619438
MOXD1	-0.6754595952282028	7.578086759850123	-3.760260618767371	0.00019396052454585824	0.0006823466656679009	-0.19854211294367108
TRIM9	0.6126876650393918	9.051403372493294	3.7586504904759392	0.000195171348090085	0.0006862053645841762	-0.20437238186832296
SCN3A	0.640247307252765	7.74751574466281	3.7569669757570536	0.00019644497947790156	0.000689676513957111	-0.21046588843467084
ERBB3	0.6279910215784561	5.93073048832974	3.640225241013731	0.00030660035418446715	0.0010301566587860918	-0.6267817989245312
SERPINA3	-0.628936120325049	11.668355011906952	-3.614335418807106	0.0003378811885894009	0.0011245896276930805	-0.7174392495335251
FABP5	-0.6256792513958942	9.661594757497417	-3.613065056883735	0.0003394906834345356	0.001129010441844429	-0.7218719964202576
TMSL8	0.8552639212591249	7.95717168024287	3.5999437819819478	0.0003565412879007445	0.0011792008209010616	-0.7675711941950754
IL13RA2	-0.6747152793342002	7.0304585481787525	-3.0991042259149393	0.0020724340858516875	0.005549533302607521	-2.394189636741581
